1. Decision Tree =>
    Mean:  4.32950544981078
    STD:  0.834083913460094

2. Linear Regression =>
    Mean:  5.030437102767305
    STD:  1.060766115829483
    
3. Random Forest =>
    Mean:  3.3147049797717707
    STD:  0.7121450134101939